function [params,y0] = NetfluxODE_female_loadParams() 
% NetfluxODE_female_loadParams.m 
% Automatically generated by Netflux on 07-May-2022
 
% species parameters 
speciesNames = {'AngII','AngIIin','AngIIfb','AT1R','AGT','ACE','NOX','ROS','ET1','ET1in','ET1fb','ETAR','DAG','PKC','TRPC','NE','NEin','BAR','AC','cAMP','PKA','CREB','CBP','TGFB','TGFBin','TGFBfb','TGFB1R','smad3','smad7','latentTGFB','BAMBI','PDGF','PDGFin','PDGFR','NP','NPin','NPRA','cGMP','PKG','tension','tensionin','tensionfb','B1int','Rho','ROCK','Ca','calcineurin','NFAT','IL6','IL6in','IL6fb','gp130','STAT','IL1','IL1in','IL1RI','TNFa','TNFain','TNFaR','NFKB','PI3K','Akt','p38','TRAF','ASK1','MKK3','PP1','JNK','abl','Rac1','MEKK1','MKK4','ERK','Ras','Raf','MEK1','FAK','epac','Factin','FA','cmyc','CTGF','proliferation','SRF','EDAFN','aSMA','AP1','TIMP1','TIMP2','PAI1','proMMP14','proMMP1','proMMP2','proMMP9','fibronectin','periostin','proCI','proCIII','B3int','Src','Grb2','p130Cas','YAP','MRTF','Gactin','TNC','mTORC1','mTORC2','p70S6K','EBP1','syndecan4','proMMP3','proMMP8','proMMP12','thrombospondin4','osteopontin','contractility','RhoGEF','RhoGDI','talin','vinculin','paxillin','MLC','AT2R','E2','E2in','ERX','ERB','GPR30','CyclinB1','CDK1','LOX',}; 
tau = [1, 1, 1, 1.000000e-01, 10, 1.000000e-01, 1.000000e-01, 1.000000e-01, 1, 1, 1, 1.000000e-01, 1.000000e-01, 1.000000e-01, 1.000000e-01, 1, 1, 1.000000e-01, 1.000000e-01, 1.000000e-01, 1.000000e-01, 1.000000e-01, 1.000000e-01, 1, 1, 1, 1.000000e-01, 1.000000e-01, 10, 10, 1.000000e-01, 1, 1, 1.000000e-01, 1, 1, 1.000000e-01, 1.000000e-01, 1.000000e-01, 1, 1, 1, 1.000000e-01, 1.000000e-01, 1.000000e-01, 1.000000e-01, 1.000000e-01, 1.000000e-01, 1, 1, 1, 1.000000e-01, 1.000000e-01, 1, 1, 1.000000e-01, 1, 1, 1.000000e-01, 1.000000e-01, 1.000000e-01, 1.000000e-01, 1.000000e-01, 1.000000e-01, 1.000000e-01, 1.000000e-01, 1.000000e-01, 1.000000e-01, 1.000000e-01, 1.000000e-01, 1.000000e-01, 1.000000e-01, 1.000000e-01, 1.000000e-01, 1.000000e-01, 1.000000e-01, 1.000000e-01, 1.000000e-01, 1, 1, 1.000000e-01, 1.000000e-01, 10, 1.000000e-01, 10, 10, 1.000000e-01, 10, 10, 10, 10, 10, 10, 10, 10, 10, 10, 10, 1.000000e-01, 1.000000e-01, 1.000000e-01, 1.000000e-01, 1.000000e-01, 1.000000e-01, 1, 10, 1.000000e-01, 1.000000e-01, 1.000000e-01, 1.000000e-01, 1.000000e-01, 10, 10, 10, 10, 10, 1, 1.000000e-01, 1.000000e-01, 1.000000e-01, 1.000000e-01, 1.000000e-01, 1.000000e-01, 1.000000e-01, 1, 1, 1.000000e-01, 1.000000e-01, 1.000000e-01, 1.000000e-01, 1.000000e-01, 10, ]; 
ymax = [1, 1, 1, 1, 1, 1, 1, 1, 1, 1, 1, 1, 1, 1, 1, 1, 1, 1, 1, 1, 1, 1, 1, 1, 1, 1, 1, 1, 1, 1, 1, 1, 1, 1, 1, 1, 1, 1, 1, 1, 1, 1, 1, 1, 1, 1, 1, 1, 1, 1, 1, 1, 1, 1, 1, 1, 1, 1, 1, 1, 1, 1, 1, 1, 1, 1, 1, 1, 1, 1, 1, 1, 1, 1, 1, 1, 1, 1, 1, 1, 1, 1, 1, 1, 1, 1, 1, 1, 1, 1, 1, 1, 1, 1, 1, 1, 1, 1, 1, 1, 1, 1, 1, 1, 1, 1, 1, 1, 1, 1, 1, 1, 1, 1, 1, 1, 1, 1, 1, 1, 1, 1, 1, 1, 1, 1, 1, 1, 1, 1, 1, 1, ];
 
% reaction parameters 
w = [1.000000e-01, 1.000000e-01, 1.000000e-01, 1.000000e-01, 1.000000e-01, 1.000000e-01, 1.000000e-01, 1.000000e-01, 1.000000e-01, 1.000000e-01, 1.000000e-01, 1, 1, 1, 1, 1, 1, 1, 1, 1, 1, 1, 1, 1, 1, 1, 1, 1, 1, 1, 1, 1, 1, 1, 1, 1, 1, 1, 1, 1, 1, 1, 1, 1, 1, 1, 1, 1, 1, 1, 1, 1, 1, 1, 1, 1, 1, 1, 1, 1, 1, 1, 1, 1, 1, 1, 1, 1, 1, 1, 1, 1, 1, 1, 1, 1, 1, 1, 1, 1, 1, 1, 1, 1, 1, 1, 1, 1, 1, 1, 1, 1, 1, 1, 1, 1, 1, 1, 1, 1, 1, 1, 1, 1, 1, 1, 1, 1, 1, 1, 1, 1, 1, 1, 1, 1, 1, 1, 1, 1, 1, 1, 1, 1, 1, 1, 1, 1, 1, 1, 1, 1, 1, 1, 1, 1, 1, 1, 1, 0, 1, 1, 1, 1, 1, 1, 1, 1, 1, 1, 1, 1, 1, 1, 1, 1, 1, 1, 1, 1, 1, 1, 1, 1, 1, 1, 1, 1, 1, 1, 1, 1, 1, 1, 1, 1, 1, 1, 1, 1, 1, 1, 1, 1, 1, 1, 1, 1, 1, 1, 1, 1, 1, 1, 1, 1, 1, 1, 2.500000e-01, 2.500000e-01, 2.500000e-01, 2.500000e-01, 2.500000e-01, ]; 
n = [1.250000e+00, 1.250000e+00, 1.250000e+00, 1.250000e+00, 1.250000e+00, 1.250000e+00, 1.250000e+00, 1.250000e+00, 1.250000e+00, 1.250000e+00, 1.250000e+00, 1.010000e+00, 1.010000e+00, 1.010000e+00, 1.010000e+00, 1.010000e+00, 1.010000e+00, 1.010000e+00, 1.010000e+00, 1.010000e+00, 1.010000e+00, 1.010000e+00, 1.250000e+00, 1.250000e+00, 1.250000e+00, 1.250000e+00, 1.250000e+00, 1.250000e+00, 1.250000e+00, 1.250000e+00, 1.250000e+00, 1.250000e+00, 1.250000e+00, 1.250000e+00, 1.250000e+00, 1.250000e+00, 1.250000e+00, 1.250000e+00, 1.250000e+00, 1.250000e+00, 1.250000e+00, 1.250000e+00, 1.250000e+00, 1.250000e+00, 1.250000e+00, 1.250000e+00, 1.250000e+00, 1.250000e+00, 1.250000e+00, 1.250000e+00, 1.250000e+00, 1.250000e+00, 1.250000e+00, 1.250000e+00, 1.250000e+00, 1.250000e+00, 1.250000e+00, 1.250000e+00, 1.250000e+00, 1.250000e+00, 1.250000e+00, 1.250000e+00, 1.250000e+00, 1.250000e+00, 1.250000e+00, 1.250000e+00, 1.250000e+00, 1.250000e+00, 1.250000e+00, 1.250000e+00, 1.250000e+00, 1.250000e+00, 1.250000e+00, 1.250000e+00, 1.250000e+00, 1.250000e+00, 1.250000e+00, 1.250000e+00, 1.250000e+00, 1.250000e+00, 1.250000e+00, 1.250000e+00, 1.250000e+00, 1.250000e+00, 1.250000e+00, 1.250000e+00, 1.250000e+00, 1.250000e+00, 1.250000e+00, 1.250000e+00, 1.250000e+00, 1.250000e+00, 1.250000e+00, 1.250000e+00, 1.250000e+00, 1.250000e+00, 1.250000e+00, 1.250000e+00, 1.250000e+00, 1.250000e+00, 1.250000e+00, 1.250000e+00, 1.250000e+00, 1.250000e+00, 1.250000e+00, 1.250000e+00, 1.250000e+00, 1.250000e+00, 1.250000e+00, 1.250000e+00, 1.250000e+00, 1.250000e+00, 1.250000e+00, 1.250000e+00, 1.250000e+00, 1.250000e+00, 1.250000e+00, 1.250000e+00, 1.250000e+00, 1.250000e+00, 1.250000e+00, 1.250000e+00, 1.250000e+00, 1.250000e+00, 1.250000e+00, 1.250000e+00, 1.250000e+00, 1.250000e+00, 1.250000e+00, 1.250000e+00, 1.250000e+00, 1.250000e+00, 1.250000e+00, 1.250000e+00, 1.250000e+00, 1.250000e+00, 1.250000e+00, 1.250000e+00, 1.250000e+00, 1.250000e+00, 1.250000e+00, 1.250000e+00, 1.250000e+00, 1.250000e+00, 1.250000e+00, 1.250000e+00, 1.250000e+00, 1.250000e+00, 1.250000e+00, 1.250000e+00, 1.250000e+00, 1.250000e+00, 1.250000e+00, 1.250000e+00, 1.250000e+00, 1.250000e+00, 1.250000e+00, 1.250000e+00, 1.250000e+00, 1.250000e+00, 1.250000e+00, 1.250000e+00, 1.250000e+00, 1.250000e+00, 1.250000e+00, 1.250000e+00, 1.250000e+00, 1.250000e+00, 1.250000e+00, 1.250000e+00, 1.250000e+00, 1.250000e+00, 1.250000e+00, 1.250000e+00, 1.250000e+00, 1.250000e+00, 1.250000e+00, 1.250000e+00, 1.250000e+00, 1.250000e+00, 1.250000e+00, 1.250000e+00, 1.250000e+00, 1.250000e+00, 1.250000e+00, 1.250000e+00, 1.250000e+00, 1.250000e+00, 1.250000e+00, 1.250000e+00, 1.250000e+00, 1.250000e+00, 1.250000e+00, 1.250000e+00, 1.250000e+00, 1.250000e+00, 1.250000e+00, 1.250000e+00, 1.010000e+00, 1.010000e+00, 1.010000e+00, 1.010000e+00, 1.010000e+00, ]; 
